              precision    recall  f1-score   support

      B-CORP     0.8161    0.5591    0.6636       127
        B-CW     0.7455    0.3417    0.4686       120
       B-GRP     0.7921    0.6780    0.7306       118
       B-LOC     0.7191    0.6337    0.6737       101
       B-PER     0.7708    0.7708    0.7708       144
      B-PROD     0.7687    0.5421    0.6358       190
      I-CORP     0.8241    0.7295    0.7739       122
        I-CW     0.8101    0.3975    0.5333       161
       I-GRP     0.8318    0.7876    0.8091       226
       I-LOC     0.8444    0.6230    0.7170        61
       I-PER     0.7872    0.8222    0.8043       180
      I-PROD     0.7708    0.5736    0.6578       129
           O     0.9521    0.9894    0.9704      8654

    accuracy                         0.9313     10333
   macro avg     0.8025    0.6499    0.7084     10333
weighted avg     0.9259    0.9313    0.9252     10333